{"n": 500, "direction": 0, "weighted": true, "edges": [[1, 5, 815], [5, 1, 815], [1, 6, 835], [6, 1, 835], [1, 10, 336], [10, 1, 336], [1, 23, 759], [23, 1, 759], [1, 24, 751], [24, 1, 751], [1, 26, 851], [26, 1, 851], [1, 27, 354], [27, 1, 354], [1, 28, 334], [28, 1, 334], [1, 30, 207], [30, 1, 207], [1, 42, 432], [42, 1, 432], [1, 44, 924], [44, 1, 924], [1, 49, 625], [49, 1, 625], [1, 51, 491], [51, 1, 491], [1, 59, 27], [59, 1, 27], [1, 60, 156], [60, 1, 156], [1, 62, 93], [62, 1, 93], [1, 66, 400], [66, 1, 400], [1, 68, 512], [68, 1, 512], [1, 70, 700], [70, 1, 700], [1, 78, 443], [78, 1, 443], [1, 80, 23], [80, 1, 23], [1, 86, 322], [86, 1, 322], [1, 91, 857], [91, 1, 857], [1, 94, 942], [94, 1, 942], [1, 99, 786], [99, 1, 786], [1, 105, 145], [105, 1, 145], [1, 106, 559], [106, 1, 559], [1, 110, 451], [110, 1, 451], [1, 111, 986], [111, 1, 986], [1, 113, 737], [113, 1, 737], [1, 115, 577], [115, 1, 577], [1, 116, 165], [116, 1, 165], [1, 119, 439], [119, 1, 439], [1, 121, 978], [121, 1, 978], [1, 122, 803], [122, 1, 803], [1, 123, 239], [123, 1, 239], [1, 125, 926], [125, 1, 926], [1, 126, 809], [126, 1, 809], [1, 128, 518], [128, 1, 518], [1, 138, 48], [138, 1, 48], [1, 140, 622], [140, 1, 622], [1, 142, 269], [142, 1, 269], [1, 146, 267], [146, 1, 267], [1, 147, 262], [147, 1, 262], [1, 148, 235], [148, 1, 235], [1, 150, 493], [150, 1, 493], [1, 151, 124], [151, 1, 124], [1, 152, 782], [152, 1, 782], [1, 160, 847], [160, 1, 847], [1, 166, 958], [166, 1, 958], [1, 167, 149], [167, 1, 149], [1, 168, 742], [168, 1, 742], [1, 171, 474], [171, 1, 474], [1, 174, 512], [174, 1, 512], [1, 175, 245], [175, 1, 245], [1, 177, 362], [177, 1, 362], [1, 180, 451], [180, 1, 451], [1, 181, 92], [181, 1, 92], [1, 191, 453], [191, 1, 453], [1, 192, 320], [192, 1, 320], [1, 193, 329], [193, 1, 329], [1, 195, 877], [195, 1, 877], [1, 199, 957], [199, 1, 957], [1, 206, 44], [206, 1, 44], [1, 208, 782], [208, 1, 782], [1, 210, 328], [210, 1, 328], [1, 213, 690], [213, 1, 690], [1, 214, 811], [214, 1, 811], [1, 215, 437], [215, 1, 437], [1, 219, 460], [219, 1, 460], [1, 223, 90], [223, 1, 90], [1, 224, 108], [224, 1, 108], [1, 233, 400], [233, 1, 400], [1, 237, 305], [237, 1, 305], [1, 244, 158], [244, 1, 158], [1, 246, 75], [246, 1, 75], [1, 247, 102], [247, 1, 102], [1, 250, 463], [250, 1, 463], [1, 255, 142], [255, 1, 142], [1, 259, 848], [259, 1, 848], [1, 265, 105], [265, 1, 105], [1, 268, 217], [268, 1, 217], [1, 275, 44], [275, 1, 44], [1, 282, 581], [282, 1, 581], [1, 285, 851], [285, 1, 851], [1, 287, 331], [287, 1, 331], [1, 288, 872], [288, 1, 872], [1, 290, 317], [290, 1, 317], [1, 294, 178], [294, 1, 178], [1, 295, 103], [295, 1, 103], [1, 300, 330], [300, 1, 330], [1, 301, 726], [301, 1, 726], [1, 302, 746], [302, 1, 746], [1, 303, 835], [303, 1, 835], [1, 307, 258], [307, 1, 258], [1, 309, 445], [309, 1, 445], [1, 313, 62], [313, 1, 62], [1, 321, 209], [321, 1, 209], [1, 326, 792], [326, 1, 792], [1, 327, 971], [327, 1, 971], [1, 328, 282], [328, 1, 282], [1, 332, 570], [332, 1, 570], [1, 334, 811], [334, 1, 811], [1, 338, 308], [338, 1, 308], [1, 343, 815], [343, 1, 815], [1, 344, 87], [344, 1, 87], [1, 347, 878], [347, 1, 878], [1, 352, 86], [352, 1, 86], [1, 355, 43], [355, 1, 43], [1, 362, 718], [362, 1, 718], [1, 364, 546], [364, 1, 546], [1, 365, 986], [365, 1, 986], [1, 367, 218], [367, 1, 218], [1, 371, 673], [371, 1, 673], [1, 373, 958], [373, 1, 958], [1, 378, 500], [378, 1, 500], [1, 382, 637], [382, 1, 637], [1, 383, 964], [383, 1, 964], [1, 385, 17], [385, 1, 17], [1, 387, 266], [387, 1, 266], [1, 397, 382], [397, 1, 382], [1, 398, 457], [398, 1, 457], [1, 403, 204], [403, 1, 204], [1, 409, 194], [409, 1, 194], [1, 414, 800], [414, 1, 800], [1, 418, 156], [418, 1, 156], [1, 420, 307], [420, 1, 307], [1, 424, 84], [424, 1, 84], [1, 426, 909], [426, 1, 909], [1, 427, 336], [427, 1, 336], [1, 428, 420], [428, 1, 420], [1, 430, 243], [430, 1, 243], [1, 436, 865], [436, 1, 865], [1, 437, 305], [437, 1, 305], [1, 439, 712], [439, 1, 712], [1, 442, 335], [442, 1, 335], [1, 445, 858], [445, 1, 858], [1, 454, 909], [454, 1, 909], [1, 457, 370], [457, 1, 370], [1, 459, 430], [459, 1, 430], [1, 463, 892], [463, 1, 892], [1, 467, 554], [467, 1, 554], [1, 468, 173], [468, 1, 173], [1, 469, 216], [469, 1, 216], [1, 480, 669], [480, 1, 669], [1, 484, 18], [484, 1, 18], [1, 486, 753], [486, 1, 753], [1, 488, 983], [488, 1, 983], [1, 492, 690], [492, 1, 690], [1, 493, 801], [493, 1, 801], [1, 496, 713], [496, 1, 713], [1, 497, 651], [497, 1, 651], [1, 500, 670], [500, 1, 670], [2, 5, 947], [5, 2, 947], [2, 9, 657], [9, 2, 657], [2, 14, 796], [14, 2, 796], [2, 19, 13], [19, 2, 13], [2, 20, 679], [20, 2, 679], [2, 22, 320], [22, 2, 320], [2, 24, 412], [24, 2, 412], [2, 27, 477], [27, 2, 477], [2, 30, 925], [30, 2, 925], [2, 35, 713], [35, 2, 713], [2, 39, 882], [39, 2, 882], [2, 40, 649], [40, 2, 649], [2, 42, 961], [42, 2, 961], [2, 44, 141], [44, 2, 141], [2, 48, 10], [48, 2, 10], [2, 52, 875], [52, 2, 875], [2, 55, 562], [55, 2, 562], [2, 59, 22], [59, 2, 22], [2, 61, 353], [61, 2, 353], [2, 65, 956], [65, 2, 956], [2, 66, 909], [66, 2, 909], [2, 75, 872], [75, 2, 872], [2, 78, 10], [78, 2, 10], [2, 81, 564], [81, 2, 564], [2, 85, 400], [85, 2, 400], [2, 98, 669], [98, 2, 669], [2, 108, 437], [108, 2, 437], [2, 114, 388], [114, 2, 388], [2, 115, 614], [115, 2, 614], [2, 118, 819], [118, 2, 819], [2, 119, 913], [119, 2, 913], [2, 122, 484], [122, 2, 484], [2, 124, 541], [124, 2, 541], [2, 125, 368], [125, 2, 368], [2, 127, 679], [127, 2, 679], [2, 138, 310], [138, 2, 310], [2, 140, 330], [140, 2, 330], [2, 143, 42], [143, 2, 42], [2, 148, 201], [148, 2, 201], [2, 149, 211], [149, 2, 211], [2, 153, 146], [153, 2, 146], [2, 160, 245], [160, 2, 245], [2, 161, 168], [161, 2, 168], [2, 164, 273], [164, 2, 273], [2, 166, 953], [166, 2, 953], [2, 172, 342], [172, 2, 342], [2, 178, 117], [178, 2, 117], [2, 182, 135], [182, 2, 135], [2, 185, 600], [185, 2, 600], [2, 187, 288], [187, 2, 288], [2, 192, 170], [192, 2, 170], [2, 193, 581], [193, 2, 581], [2, 194, 626], [194, 2, 626], [2, 198, 800], [198, 2, 800], [2, 200, 852], [200, 2, 852], [2, 206, 114], [206, 2, 114], [2, 209, 543], [209, 2, 543], [2, 213, 272], [213, 2, 272], [2, 214, 214], [214, 2, 214], [2, 217, 591], [217, 2, 591], [2, 218, 198], [218, 2, 198], [2, 220, 515], [220, 2, 515], [2, 226, 654], [226, 2, 654], [2, 229, 700], [229, 2, 700], [2, 231, 659], [231, 2, 659], [2, 238, 33], [238, 2, 33], [2, 241, 712], [241, 2, 712], [2, 242, 536], [242, 2, 536], [2, 244, 21], [244, 2, 21], [2, 246, 302], [246, 2, 302], [2, 249, 682], [249, 2, 682], [2, 252, 139], [252, 2, 139], [2, 256, 251], [256, 2, 251], [2, 259, 510], [259, 2, 510], [2, 261, 502], [261, 2, 502], [2, 262, 678], [262, 2, 678], [2, 265, 342], [265, 2, 342], [2, 270, 510], [270, 2, 510], [2, 276, 161], [276, 2, 161], [2, 279, 732], [279, 2, 732], [2, 280, 961], [280, 2, 961], [2, 281, 973], [281, 2, 973], [2, 285, 598], [285, 2, 598], [2, 286, 406], [286, 2, 406], [2, 287, 114], [287, 2, 114], [2, 288, 625], [288, 2, 625], [2, 293, 847], [293, 2, 847], [2, 296, 517], [296, 2, 517], [2, 306, 379], [306, 2, 379], [2, 308, 750], [308, 2, 750], [2, 314, 155], [314, 2, 155], [2, 320, 696], [320, 2, 696], [2, 324, 838], [324, 2, 838], [2, 325, 612], [325, 2, 612], [2, 326, 922], [326, 2, 922], [2, 327, 635], [327, 2, 635], [2, 328, 418], [328, 2, 418], [2, 330, 382], [330, 2, 382], [2, 335, 931], [335, 2, 931], [2, 338, 808], [338, 2, 808], [2, 339, 107], [339, 2, 107], [2, 344, 461], [344, 2, 461], [2, 346, 364], [346, 2, 364], [2, 349, 720], [349, 2, 720], [2, 356, 791], [356, 2, 791], [2, 361, 682], [361, 2, 682], [2, 368, 552], [368, 2, 552], [2, 372, 864], [372, 2, 864], [2, 377, 597], [377, 2, 597], [2, 378, 830], [378, 2, 830], [2, 383, 992], [383, 2, 992], [2, 386, 240], [386, 2, 240], [2, 387, 751], [387, 2, 751], [2, 388, 662], [388, 2, 662], [2, 389, 900], [389, 2, 900], [2, 392, 160], [392, 2, 160], [2, 397, 159], [397, 2, 159], [2, 403, 433], [403, 2, 433], [2, 405, 680], [405, 2, 680], [2, 406, 570], [406, 2, 570], [2, 408, 648], [408, 2, 648], [2, 412, 765], [412, 2, 765], [2, 414, 521], [414, 2, 521], [2, 416, 533], [416, 2, 533], [2, 425, 255], [425, 2, 255], [2, 426, 242], [426, 2, 242], [2, 430, 678], [430, 2, 678], [2, 434, 26], [434, 2, 26], [2, 435, 931], [435, 2, 931], [2, 438, 218], [438, 2, 218], [2, 444, 898], [444, 2, 898], [2, 449, 196], [449, 2, 196], [2, 455, 323], [455, 2, 323], [2, 458, 547], [458, 2, 547], [2, 460, 864], [460, 2, 864], [2, 462, 894], [462, 2, 894], [2, 466, 154], [466, 2, 154], [2, 468, 187], [468, 2, 187], [2, 470, 674], [470, 2, 674], [2, 471, 946], [471, 2, 946], [2, 475, 880], [475, 2, 880], [2, 477, 629], [477, 2, 629], [2, 481, 81], [481, 2, 81], [2, 484, 8], [484, 2, 8], [2, 486, 508], [486, 2, 508], [2, 487, 475], [487, 2, 475], [2, 488, 821], [488, 2, 821], [2, 493, 868], [493, 2, 868], [2, 498, 737], [498, 2, 737], [2, 499, 783], [499, 2, 783], [3, 6, 861], [6, 3, 861], [3, 8, 765], [8, 3, 765], [3, 10, 586], [10, 3, 586], [3, 12, 541], [12, 3, 541], [3, 20, 617], [20, 3, 617], [3, 22, 405], [22, 3, 405], [3, 23, 355], [23, 3, 355], [3, 34, 422], [34, 3, 422], [3, 47, 312], [47, 3, 312], [3, 48, 857], [48, 3, 857], [3, 51, 157], [51, 3, 157], [3, 52, 314], [52, 3, 314], [3, 53, 868], [53, 3, 868], [3, 55, 365], [55, 3, 365], [3, 58, 725], [58, 3, 725], [3, 59, 663], [59, 3, 663], [3, 60, 149], [60, 3, 149], [3, 63, 289], [63, 3, 289], [3, 68, 391], [68, 3, 391], [3, 71, 430], [71, 3, 430], [3, 76, 494], [76, 3, 494], [3, 78, 431], [78, 3, 431], [3, 79, 911], [79, 3, 911], [3, 81, 679], [81, 3, 679], [3, 83, 634], [83, 3, 634], [3, 85, 647], [85, 3, 647], [3, 86, 226], [86, 3, 226], [3, 87, 773], [87, 3, 773], [3, 90, 333], [90, 3, 333], [3, 93, 178], [93, 3, 178], [3, 97, 942], [97, 3, 942], [3, 102, 228], [102, 3, 228], [3, 106, 878], [106, 3, 878], [3, 111, 446], [111, 3, 446], [3, 115, 678], [115, 3, 678], [3, 116, 873], [116, 3, 873], [3, 118, 847], [118, 3, 847], [3, 119, 697], [119, 3, 697], [3, 121, 849], [121, 3, 849], [3, 123, 876], [123, 3, 876], [3, 124, 386], [124, 3, 386], [3, 127, 350], [127, 3, 350], [3, 132, 946], [132, 3, 946], [3, 133, 470], [133, 3, 470], [3, 138, 764], [138, 3, 764], [3, 140, 772], [140, 3, 772], [3, 145, 197], [145, 3, 197], [3, 147, 855], [147, 3, 855], [3, 152, 472], [152, 3, 472], [3, 171, 714], [171, 3, 714], [3, 172, 350], [172, 3, 350], [3, 176, 565], [176, 3, 565], [3, 178, 273], [178, 3, 273], [3, 181, 121], [181, 3, 121], [3, 183, 91], [183, 3, 91], [3, 186, 860], [186, 3, 860], [3, 189, 622], [189, 3, 622], [3, 191, 972], [191, 3, 972], [3, 192, 640], [192, 3, 640], [3, 193, 658], [193, 3, 658], [3, 194, 453], [194, 3, 453], [3, 195, 261], [195, 3, 261], [3, 210, 902], [210, 3, 902], [3, 211, 679], [211, 3, 679], [3, 217, 451], [217, 3, 451], [3, 223, 1], [223, 3, 1], [3, 225, 427], [225, 3, 427], [3, 228, 503], [228, 3, 503], [3, 230, 808], [230, 3, 808], [3, 232, 895], [232, 3, 895], [3, 233, 191], [233, 3, 191], [3, 236, 379], [236, 3, 379], [3, 242, 682], [242, 3, 682], [3, 249, 933], [249, 3, 933], [3, 250, 249], [250, 3, 249], [3, 251, 899], [251, 3, 899], [3, 253, 206], [253, 3, 206], [3, 256, 146], [256, 3, 146], [3, 258, 253], [258, 3, 253], [3, 264, 734], [264, 3, 734], [3, 268, 764], [268, 3, 764], [3, 277, 273], [277, 3, 273], [3, 289, 619], [289, 3, 619], [3, 292, 355], [292, 3, 355], [3, 293, 426], [293, 3, 426], [3, 300, 878], [300, 3, 878], [3, 302, 139], [302, 3, 139], [3, 304, 273], [304, 3, 273], [3, 306, 661], [306, 3, 661], [3, 307, 16], [307, 3, 16], [3, 309, 10], [309, 3, 10], [3, 313, 841], [313, 3, 841], [3, 323, 118], [323, 3, 118], [3, 324, 447], [324, 3, 447], [3, 326, 167], [326, 3, 167], [3, 328, 792], [328, 3, 792], [3, 334, 586], [334, 3, 586], [3, 336, 602], [336, 3, 602], [3, 338, 717], [338, 3, 717], [3, 341, 633], [341, 3, 633], [3, 344, 626], [344, 3, 626], [3, 346, 512], [346, 3, 512], [3, 347, 721], [347, 3, 721], [3, 348, 95], [348, 3, 95], [3, 349, 442], [349, 3, 442], [3, 351, 435], [351, 3, 435], [3, 352, 765], [352, 3, 765], [3, 354, 153], [354, 3, 153], [3, 360, 342], [360, 3, 342], [3, 362, 899], [362, 3, 899], [3, 367, 374], [367, 3, 374], [3, 372, 979], [372, 3, 979], [3, 376, 387], [376, 3, 387], [3, 381, 145], [381, 3, 145], [3, 383, 211], [383, 3, 211], [3, 384, 231], [384, 3, 231], [3, 387, 467], [387, 3, 467], [3, 389, 556], [389, 3, 556], [3, 392, 718], [392, 3, 718], [3, 396, 513], [396, 3, 513], [3, 403, 423], [403, 3, 423], [3, 405, 167], [405, 3, 167], [3, 407, 734], [407, 3, 734], [3, 411, 772], [411, 3, 772], [3, 423, 313], [423, 3, 313], [3, 425, 40], [425, 3, 40], [3, 428, 714], [428, 3, 714], [3, 429, 341], [429, 3, 341], [3, 430, 829], [430, 3, 829], [3, 432, 252], [432, 3, 252], [3, 433, 533], [433, 3, 533], [3, 439, 465], [439, 3, 465], [3, 441, 324], [441, 3, 324], [3, 443, 990], [443, 3, 990], [3, 444, 826], [444, 3, 826], [3, 445, 511], [445, 3, 511], [3, 447, 993], [447, 3, 993], [3, 449, 506], [449, 3, 506], [3, 452, 174], [452, 3, 174], [3, 456, 215], [456, 3, 215], [3, 457, 482], [457, 3, 482], [3, 464, 974], [464, 3, 974], [3, 465, 134], [465, 3, 134], [3, 467, 587], [467, 3, 587], [3, 470, 278], [470, 3, 278], [3, 491, 602], [491, 3, 602], [3, 492, 845], [492, 3, 845], [3, 493, 316], [493, 3, 316], [4, 9, 25], [9, 4, 25], [4, 10, 455], [10, 4, 455], [4, 11, 522], [11, 4, 522], [4, 15, 334], [15, 4, 334], [4, 24, 786], [24, 4, 786], [4, 26, 802], [26, 4, 802], [4, 41, 468], [41, 4, 468], [4, 44, 397], [44, 4, 397], [4, 52, 504], [52, 4, 504], [4, 59, 334], [59, 4, 334], [4, 64, 673], [64, 4, 673], [4, 72, 103], [72, 4, 103], [4, 75, 99], [75, 4, 99], [4, 78, 645], [78, 4, 645], [4, 82, 647], [82, 4, 647], [4, 83, 546], [83, 4, 546], [4, 84, 597], [84, 4, 597], [4, 87, 120], [87, 4, 120], [4, 98, 267], [98, 4, 267], [4, 101, 508], [101, 4, 508], [4, 102, 438], [102, 4, 438], [4, 105, 645], [105, 4, 645], [4, 110, 170], [110, 4, 170], [4, 112, 150], [112, 4, 150], [4, 117, 198], [117, 4, 198], [4, 120, 984], [120, 4, 984], [4, 121, 342], [121, 4, 342], [4, 126, 950], [126, 4, 950], [4, 131, 732], [131, 4, 732], [4, 137, 777], [137, 4, 777], [4, 139, 143], [139, 4, 143], [4, 143, 848], [143, 4, 848], [4, 152, 740], [152, 4, 740], [4, 155, 539], [155, 4, 539], [4, 157, 293], [157, 4, 293], [4, 164, 9], [164, 4, 9], [4, 168, 201], [168, 4, 201], [4, 174, 299], [174, 4, 299], [4, 176, 248], [176, 4, 248], [4, 177, 690], [177, 4, 690], [4, 182, 685], [182, 4, 685], [4, 184, 849], [184, 4, 849], [4, 191, 18], [191, 4, 18], [4, 194, 297], [194, 4, 297], [4, 195, 288], [195, 4, 288], [4, 198, 785], [198, 4, 785], [4, 204, 528], [204, 4, 528], [4, 213, 228], [213, 4, 228], [4, 214, 251], [214, 4, 251], [4, 215, 303], [215, 4, 303], [4, 217, 911], [217, 4, 911], [4, 219, 661], [219, 4, 661], [4, 220, 15], [220, 4, 15], [4, 226, 578], [226, 4, 578], [4, 227, 224], [227, 4, 224], [4, 229, 412], [229, 4, 412], [4, 234, 497], [234, 4, 497], [4, 238, 614], [238, 4, 614], [4, 243, 995], [243, 4, 995], [4, 246, 511], [246, 4, 511], [4, 248, 970], [248, 4, 970], [4, 251, 844], [251, 4, 844], [4, 257, 414], [257, 4, 414], [4, 261, 950], [261, 4, 950], [4, 268, 5], [268, 4, 5], [4, 269, 886], [269, 4, 886], [4, 270, 711], [270, 4, 711], [4, 272, 919], [272, 4, 919], [4, 273, 151], [273, 4, 151], [4, 275, 920], [275, 4, 920], [4, 281, 440], [281, 4, 440], [4, 286, 899], [286, 4, 899], [4, 288, 951], [288, 4, 951], [4, 290, 537], [290, 4, 537], [4, 293, 953], [293, 4, 953], [4, 300, 156], [300, 4, 156], [4, 301, 662], [301, 4, 662], [4, 302, 375], [302, 4, 375], [4, 306, 569], [306, 4, 569], [4, 307, 6], [307, 4, 6], [4, 310, 178], [310, 4, 178], [4, 314, 437], [314, 4, 437], [4, 318, 468], [318, 4, 468], [4, 321, 384], [321, 4, 384], [4, 327, 381], [327, 4, 381], [4, 330, 389], [330, 4, 389], [4, 331, 834], [331, 4, 834], [4, 335, 90], [335, 4, 90], [4, 340, 242], [340, 4, 242], [4, 342, 753], [342, 4, 753], [4, 343, 812], [343, 4, 812], [4, 344, 259], [344, 4, 259], [4, 348, 712], [348, 4, 712], [4, 351, 364], [351, 4, 364], [4, 352, 567], [352, 4, 567], [4, 358, 252], [358, 4, 252], [4, 359, 344], [359, 4, 344], [4, 365, 772], [365, 4, 772], [4, 370, 916], [370, 4, 916], [4, 377, 568], [377, 4, 568], [4, 379, 99], [379, 4, 99], [4, 383, 662], [383, 4, 662], [4, 384, 559], [384, 4, 559], [4, 385, 506], [385, 4, 506], [4, 393, 828], [393, 4, 828], [4, 394, 988], [394, 4, 988], [4, 396, 950], [396, 4, 950], [4, 399, 61], [399, 4, 61], [4, 402, 215], [402, 4, 215], [4, 403, 43], [403, 4, 43], [4, 407, 728], [407, 4, 728], [4, 408, 703], [408, 4, 703], [4, 416, 366], [416, 4, 366], [4, 417, 345], [417, 4, 345], [4, 419, 651], [419, 4, 651], [4, 423, 152], [423, 4, 152], [4, 425, 291], [425, 4, 291], [4, 429, 417], [429, 4, 417], [4, 432, 640], [432, 4, 640], [4, 437, 955], [437, 4, 955], [4, 439, 925], [439, 4, 925], [4, 442, 342], [442, 4, 342], [4, 444, 461], [444, 4, 461], [4, 446, 13], [446, 4, 13], [4, 447, 734], [447, 4, 734], [4, 452, 202], [452, 4, 202], [4, 453, 734], [453, 4, 734], [4, 455, 364], [455, 4, 364], [4, 459, 342], [459, 4, 342], [4, 461, 245], [461, 4, 245], [4, 464, 804], [464, 4, 804], [4, 466, 299], [466, 4, 299], [4, 468, 164], [468, 4, 164], [4, 472, 835], [472, 4, 835], [4, 475, 715], [475, 4, 715], [4, 479, 986], [479, 4, 986], [4, 491, 30], [491, 4, 30], [4, 493, 88], [493, 4, 88], [4, 496, 39], [496, 4, 39], [5, 6, 165], [6, 5, 165], [5, 7, 811], [7, 5, 811], [5, 8, 150], [8, 5, 150], [5, 12, 126], [12, 5, 126], [5, 15, 293], [15, 5, 293], [5, 17, 318], [17, 5, 318], [5, 18, 59], [18, 5, 59], [5, 20, 436], [20, 5, 436], [5, 22, 873], [22, 5, 873], [5, 24, 854], [24, 5, 854], [5, 28, 920], [28, 5, 920], [5, 31, 57], [31, 5, 57], [5, 35, 585], [35, 5, 585], [5, 38, 594], [38, 5, 594], [5, 40, 614], [40, 5, 614], [5, 42, 590], [42, 5, 590], [5, 44, 999], [44, 5, 999], [5, 45, 163], [45, 5, 163], [5, 46, 641], [46, 5, 641], [5, 51, 887], [51, 5, 887], [5, 53, 826], [53, 5, 826], [5, 58, 710], [58, 5, 710], [5, 59, 275], [59, 5, 275], [5, 62, 647], [62, 5, 647], [5, 64, 70], [64, 5, 70], [5, 65, 676], [65, 5, 676], [5, 66, 708], [66, 5, 708], [5, 69, 435], [69, 5, 435], [5, 70, 178], [70, 5, 178], [5, 79, 233], [79, 5, 233], [5, 82, 692], [82, 5, 692], [5, 84, 429], [84, 5, 429], [5, 86, 981], [86, 5, 981], [5, 89, 403], [89, 5, 403], [5, 93, 46], [93, 5, 46], [5, 98, 203], [98, 5, 203], [5, 101, 616], [101, 5, 616], [5, 102, 272], [102, 5, 272], [5, 117, 590], [117, 5, 590], [5, 118, 775], [118, 5, 775], [5, 119, 828], [119, 5, 828], [5, 121, 362], [121, 5, 362], [5, 124, 610], [124, 5, 610], [5, 125, 248], [125, 5, 248], [5, 127, 128], [127, 5, 128], [5, 129, 387], [129, 5, 387], [5, 139, 795], [139, 5, 795], [5, 140, 557], [140, 5, 557], [5, 143, 831], [143, 5, 831], [5, 146, 516], [146, 5, 516], [5, 148, 134], [148, 5, 134], [5, 150, 185], [150, 5, 185], [5, 152, 99], [152, 5, 99], [5, 154, 843], [154, 5, 843], [5, 160, 579], [160, 5, 579], [5, 163, 565], [163, 5, 565], [5, 169, 767], [169, 5, 767], [5, 171, 680], [171, 5, 680], [5, 173, 53], [173, 5, 53], [5, 174, 510], [174, 5, 510], [5, 177, 290], [177, 5, 290], [5, 178, 546], [178, 5, 546], [5, 180, 776], [180, 5, 776], [5, 184, 166], [184, 5, 166], [5, 187, 110], [187, 5, 110], [5, 190, 964], [190, 5, 964], [5, 193, 431], [193, 5, 431], [5, 198, 776], [198, 5, 776], [5, 199, 651], [199, 5, 651], [5, 203, 987], [203, 5, 987], [5, 207, 298], [207, 5, 298], [5, 210, 103], [210, 5, 103], [5, 214, 505], [214, 5, 505], [5, 215, 110], [215, 5, 110], [5, 216, 779], [216, 5, 779], [5, 218, 134], [218, 5, 134], [5, 222, 362], [222, 5, 362], [5, 229, 926], [229, 5, 926], [5, 237, 243], [237, 5, 243], [5, 240, 897], [240, 5, 897], [5, 246, 535], [246, 5, 535], [5, 247, 458], [247, 5, 458], [5, 251, 985], [251, 5, 985], [5, 252, 427], [252, 5, 427], [5, 254, 57], [254, 5, 57], [5, 258, 768], [258, 5, 768], [5, 261, 490], [261, 5, 490], [5, 263, 731], [263, 5, 731], [5, 264, 467], [264, 5, 467], [5, 267, 379], [267, 5, 379], [5, 275, 279], [275, 5, 279], [5, 277, 501], [277, 5, 501], [5, 279, 47], [279, 5, 47], [5, 280, 684], [280, 5, 684], [5, 283, 197], [283, 5, 197], [5, 284, 374], [284, 5, 374], [5, 290, 452], [290, 5, 452], [5, 292, 205], [292, 5, 205], [5, 293, 306], [293, 5, 306], [5, 296, 885], [296, 5, 885], [5, 300, 396], [300, 5, 396], [5, 302, 801], [302, 5, 801], [5, 303, 74], [303, 5, 74], [5, 305, 412], [305, 5, 412], [5, 307, 636], [307, 5, 636], [5, 310, 230], [310, 5, 230], [5, 313, 543], [313, 5, 543], [5, 315, 301], [315, 5, 301], [5, 316, 238], [316, 5, 238], [5, 317, 562], [317, 5, 562], [5, 322, 551], [322, 5, 551], [5, 323, 832], [323, 5, 832], [5, 324, 846], [324, 5, 846], [5, 325, 697], [325, 5, 697], [5, 327, 812], [327, 5, 812], [5, 329, 541], [329, 5, 541], [5, 332, 269], [332, 5, 269], [5, 335, 760], [335, 5, 760], [5, 336, 236], [336, 5, 236], [5, 337, 779], [337, 5, 779], [5, 338, 840], [338, 5, 840], [5, 340, 95], [340, 5, 95], [5, 344, 948], [344, 5, 948], [5, 348, 295], [348, 5, 295], [5, 349, 519], [349, 5, 519], [5, 357, 101], [357, 5, 101], [5, 360, 851], [360, 5, 851], [5, 366, 197], [366, 5, 197], [5, 367, 32], [367, 5, 32], [5, 370, 642], [370, 5, 642], [5, 371, 84], [371, 5, 84], [5, 375, 216], [375, 5, 216], [5, 379, 533], [379, 5, 533], [5, 394, 522], [394, 5, 522], [5, 395, 708], [395, 5, 708], [5, 396, 505], [396, 5, 505], [5, 397, 868], [397, 5, 868], [5, 400, 890], [400, 5, 890], [5, 407, 607], [407, 5, 607], [5, 408, 387], [408, 5, 387], [5, 409, 17], [409, 5, 17], [5, 411, 991], [411, 5, 991], [5, 414, 246], [414, 5, 246], [5, 418, 332], [418, 5, 332], [5, 422, 643], [422, 5, 643], [5, 424, 911], [424, 5, 911], [5, 427, 116], [427, 5, 116], [5, 430, 771], [430, 5, 771], [5, 436, 930], [436, 5, 930], [5, 445, 746], [445, 5, 746], [5, 448, 732], [448, 5, 732], [5, 452, 861], [452, 5, 861], [5, 456, 579], [456, 5, 579], [5, 458, 179], [458, 5, 179], [5, 459, 398], [459, 5, 398], [5, 460, 858], [460, 5, 858], [5, 473, 991], [473, 5, 991], [5, 476, 54], [476, 5, 54], [5, 477, 499], [477, 5, 499], [5, 479, 384], [479, 5, 384], [5, 480, 177], [480, 5, 177], [5, 481, 784], [481, 5, 784], [5, 482, 35], [482, 5, 35], [5, 490, 514], [490, 5, 514], [5, 495, 342], [495, 5, 342], [5, 497, 394], [497, 5, 394], [5, 498, 624], [498, 5, 624], [5, 499, 601], [499, 5, 601], [5, 500, 732], [500, 5, 732], [6, 9, 391], [9, 6, 391], [6, 10, 46], [10, 6, 46], [6, 17, 328], [17, 6, 328], [6, 23, 70], [23, 6, 70], [6, 24, 62], [24, 6, 62], [6, 27, 23], [27, 6, 23], [6, 31, 138], [31, 6, 138], [6, 41, 403], [41, 6, 403], [6, 43, 345], [43, 6, 345], [6, 45, 322], [45, 6, 322], [6, 49, 436], [49, 6, 436], [6, 60, 765], [60, 6, 765], [6, 61, 740], [61, 6, 740], [6, 67, 140], [67, 6, 140], [6, 70, 992], [70, 6, 992], [6, 71, 426], [71, 6, 426], [6, 84, 297], [84, 6, 297], [6, 86, 237], [86, 6, 237], [6, 88, 80], [88, 6, 80], [6, 89, 944], [89, 6, 944], [6, 91, 530], [91, 6, 530], [6, 93, 539], [93, 6, 539], [6, 94, 133], [94, 6, 133], [6, 95, 374], [95, 6, 374], [6, 103, 115], [103, 6, 115], [6, 106, 824], [106, 6, 824], [6, 107, 397], [107, 6, 397], [6, 108, 65], [108, 6, 65], [6, 111, 305], [111, 6, 305], [6, 112, 189], [112, 6, 189], [6, 116, 939], [116, 6, 939], [6, 118, 388], [118, 6, 388], [6, 127, 714], [127, 6, 714], [6, 128, 813], [128, 6, 813], [6, 129, 802], [129, 6, 802], [6, 137, 464], [137, 6, 464], [6, 138, 533], [138, 6, 533], [6, 140, 44], [140, 6, 44], [6, 142, 176], [142, 6, 176], [6, 145, 948], [145, 6, 948], [6, 146, 81], [146, 6, 81], [6, 150, 173], [150, 6, 173], [6, 155, 91], [155, 6, 91], [6, 163, 380], [163, 6, 380], [6, 166, 754], [166, 6, 754], [6, 173, 260], [173, 6, 260], [6, 174, 688], [174, 6, 688], [6, 178, 897], [178, 6, 897], [6, 179, 53], [179, 6, 53], [6, 186, 913], [186, 6, 913], [6, 189, 824], [189, 6, 824], [6, 192, 371], [192, 6, 371], [6, 202, 163], [202, 6, 163], [6, 204, 182], [204, 6, 182], [6, 209, 869], [209, 6, 869], [6, 212, 496], [212, 6, 496], [6, 216, 14], [216, 6, 14], [6, 225, 332], [225, 6, 332], [6, 227, 574], [227, 6, 574], [6, 230, 901], [230, 6, 901], [6, 238, 523], [238, 6, 523], [6, 239, 384], [239, 6, 384], [6, 241, 52], [241, 6, 52], [6, 243, 762], [243, 6, 762], [6, 246, 409], [246, 6, 409], [6, 250, 541], [250, 6, 541], [6, 251, 729], [251, 6, 729], [6, 252, 107], [252, 6, 107], [6, 256, 806], [256, 6, 806], [6, 258, 985], [258, 6, 985], [6, 263, 648], [263, 6, 648], [6, 268, 23], [268, 6, 23], [6, 270, 429], [270, 6, 429], [6, 271, 956], [271, 6, 956], [6, 280, 201], [280, 6, 201], [6, 283, 161], [283, 6, 161], [6, 284, 301], [284, 6, 301], [6, 287, 211], [287, 6, 211], [6, 289, 346], [289, 6, 346], [6, 290, 738], [290, 6, 738], [6, 295, 883], [295, 6, 883], [6, 296, 681], [296, 6, 681], [6, 297, 758], [297, 6, 758], [6, 300, 750], [300, 6, 750], [6, 301, 65], [301, 6, 65], [6, 306, 471], [306, 6, 471], [6, 308, 83], [308, 6, 83], [6, 315, 909], [315, 6, 909], [6, 317, 900], [317, 6, 900], [6, 318, 327], [318, 6, 327], [6, 320, 808], [320, 6, 808], [6, 321, 257], [321, 6, 257], [6, 323, 567], [323, 6, 567], [6, 330, 721], [330, 6, 721], [6, 335, 405], [335, 6, 405], [6, 340, 890], [340, 6, 890], [6, 343, 629], [343, 6, 629], [6, 344, 789], [344, 6, 789], [6, 353, 133], [353, 6, 133], [6, 354, 305], [354, 6, 305], [6, 362, 845], [362, 6, 845], [6, 364, 133], [364, 6, 133], [6, 366, 261], [366, 6, 261], [6, 368, 268], [368, 6, 268], [6, 369, 346], [369, 6, 346], [6, 373, 748], [373, 6, 748], [6, 374, 14], [374, 6, 14], [6, 377, 799], [377, 6, 799], [6, 383, 373], [383, 6, 373], [6, 397, 662], [397, 6, 662], [6, 401, 800], [401, 6, 800], [6, 407, 433], [407, 6, 433], [6, 411, 750], [411, 6, 750], [6, 413, 26], [413, 6, 26], [6, 416, 722], [416, 6, 722], [6, 423, 807], [423, 6, 807], [6, 425, 342], [425, 6, 342], [6, 428, 577], [428, 6, 577], [6, 430, 198], [430, 6, 198], [6, 431, 301], [431, 6, 301], [6, 432, 406], [432, 6, 406], [6, 439, 1], [439, 6, 1], [6, 440, 232], [440, 6, 232], [6, 442, 997], [442, 6, 997], [6, 448, 275], [448, 6, 275], [6, 450, 578], [450, 6, 578], [6, 459, 838], [459, 6, 838], [6, 462, 496], [462, 6, 496], [6, 464, 374], [464, 6, 374], [6, 465, 645], [465, 6, 645], [6, 466, 996], [466, 6, 996], [6, 469, 785], [469, 6, 785], [6, 476, 435], [476, 6, 435], [6, 477, 984], [477, 6, 984], [6, 478, 782], [478, 6, 782], [6, 479, 639], [479, 6, 639], [6, 482, 107], [482, 6, 107], [6, 484, 282], [484, 6, 282], [6, 485, 40], [485, 6, 40], [6, 486, 357], [486, 6, 357], [6, 489, 116], [489, 6, 116], [6, 490, 707], [490, 6, 707], [6, 498, 513], [498, 6, 513], [7, 9, 689], [9, 7, 689], [7, 11, 837], [11, 7, 837], [7, 16, 90], [16, 7, 90], [7, 19, 507], [19, 7, 507], [7, 20, 487], [20, 7, 487], [7, 22, 307], [22, 7, 307], [7, 25, 506], [25, 7, 506], [7, 27, 40], [27, 7, 40], [7, 42, 700], [42, 7, 700], [7, 43, 116], [43, 7, 116], [7, 48, 15], [48, 7, 15], [7, 61, 719], [61, 7, 719], [7, 62, 305], [62, 7, 305], [7, 64, 269], [64, 7, 269], [7, 67, 544], [67, 7, 544], [7, 69, 18], [69, 7, 18], [7, 70, 415], [70, 7, 415], [7, 78, 725], [78, 7, 725], [7, 81, 319], [81, 7, 319], [7, 84, 667], [84, 7, 667], [7, 89, 284], [89, 7, 284], [7, 93, 505], [93, 7, 505], [7, 95, 764], [95, 7, 764], [7, 96, 120], [96, 7, 120], [7, 103, 528], [103, 7, 528], [7, 106, 701], [106, 7, 701], [7, 108, 98], [108, 7, 98], [7, 109, 328], [109, 7, 328], [7, 110, 293], [110, 7, 293], [7, 111, 308], [111, 7, 308], [7, 118, 503], [118, 7, 503], [7, 120, 155], [120, 7, 155], [7, 121, 799], [121, 7, 799], [7, 123, 993], [123, 7, 993], [7, 126, 744], [126, 7, 744], [7, 132, 44], [132, 7, 44], [7, 135, 492], [135, 7, 492], [7, 140, 514], [140, 7, 514], [7, 146, 623], [146, 7, 623], [7, 150, 389], [150, 7, 389], [7, 154, 717], [154, 7, 717], [7, 158, 528], [158, 7, 528], [7, 167, 132], [167, 7, 132], [7, 170, 359], [170, 7, 359], [7, 171, 442], [171, 7, 442], [7, 173, 484], [173, 7, 484], [7, 178, 925], [178, 7, 925], [7, 183, 496], [183, 7, 496], [7, 186, 187], [186, 7, 187], [7, 188, 324], [188, 7, 324], [7, 192, 195], [192, 7, 195], [7, 196, 187], [196, 7, 187], [7, 201, 21], [201, 7, 21], [7, 203, 98], [203, 7, 98], [7, 204, 763], [204, 7, 763], [7, 206, 376], [206, 7, 376], [7, 210, 595], [210, 7, 595], [7, 212, 815], [212, 7, 815], [7, 215, 75], [215, 7, 75], [7, 219, 215], [219, 7, 215], [7, 225, 634], [225, 7, 634], [7, 229, 653], [229, 7, 653], [7, 230, 621], [230, 7, 621], [7, 232, 334], [232, 7, 334], [7, 239, 899], [239, 7, 899], [7, 241, 532], [241, 7, 532], [7, 242, 948], [242, 7, 948], [7, 246, 944], [246, 7, 944], [7, 248, 145], [248, 7, 145], [7, 249, 457], [249, 7, 457], [7, 258, 94], [258, 7, 94], [7, 259, 889], [259, 7, 889], [7, 260, 541], [260, 7, 541], [7, 261, 992], [261, 7, 992], [7, 262, 734], [262, 7, 734], [7, 268, 483], [268, 7, 483], [7, 270, 607], [270, 7, 607], [7, 271, 547], [271, 7, 547], [7, 275, 355], [275, 7, 355], [7, 280, 402], [280, 7, 402], [7, 286, 680], [286, 7, 680], [7, 287, 999], [287, 7, 999], [7, 297, 523], [297, 7, 523], [7, 298, 642], [298, 7, 642], [7, 303, 914], [303, 7, 914], [7, 305, 132], [305, 7, 132], [7, 310, 509], [310, 7, 509], [7, 313, 955], [313, 7, 955], [7, 316, 793], [316, 7, 793], [7, 320, 389], [320, 7, 389], [7, 324, 725], [324, 7, 725], [7, 326, 795], [326, 7, 795], [7, 327, 907], [327, 7, 907], [7, 330, 344], [330, 7, 344], [7, 332, 854], [332, 7, 854], [7, 337, 523], [337, 7, 523], [7, 347, 390], [347, 7, 390], [7, 351, 610], [351, 7, 610], [7, 356, 882], [356, 7, 882], [7, 358, 773], [358, 7, 773], [7, 359, 579], [359, 7, 579], [7, 363, 292], [363, 7, 292], [7, 371, 728], [371, 7, 728], [7, 377, 617], [377, 7, 617], [7, 379, 792], [379, 7, 792], [7, 380, 278], [380, 7, 278], [7, 384, 311], [384, 7, 311], [7, 388, 732], [388, 7, 732], [7, 390, 764], [390, 7, 764], [7, 393, 649], [393, 7, 649], [7, 395, 67], [395, 7, 67], [7, 401, 971], [401, 7, 971], [7, 402, 946], [402, 7, 946], [7, 403, 135], [403, 7, 135], [7, 404, 943], [404, 7, 943], [7, 405, 639], [405, 7, 639], [7, 407, 713], [407, 7, 713], [7, 415, 296], [415, 7, 296], [7, 416, 104], [416, 7, 104], [7, 421, 349], [421, 7, 349], [7, 423, 194], [423, 7, 194], [7, 432, 290], [432, 7, 290], [7, 437, 393], [437, 7, 393], [7, 438, 221], [438, 7, 221], [7, 442, 789], [442, 7, 789], [7, 443, 351], [443, 7, 351], [7, 450, 694], [450, 7, 694], [7, 455, 120], [455, 7, 120], [7, 458, 545], [458, 7, 545], [7, 459, 158], [459, 7, 158], [7, 461, 5], [461, 7, 5], [7, 462, 709], [462, 7, 709], [7, 466, 967], [466, 7, 967], [7, 467, 529], [467, 7, 529], [7, 468, 973], [468, 7, 973], [7, 472, 453], [472, 7, 453], [7, 474, 435], [474, 7, 435], [7, 475, 586], [475, 7, 586], [7, 477, 446], [477, 7, 446], [7, 478, 457], [478, 7, 457], [7, 482, 552], [482, 7, 552], [7, 484, 960], [484, 7, 960], [7, 485, 455], [485, 7, 455], [7, 486, 961], [486, 7, 961], [7, 490, 928], [490, 7, 928], [7, 492, 656], [492, 7, 656], [7, 494, 783], [494, 7, 783], [7, 497, 567], [497, 7, 567], [7, 498, 705], [498, 7, 705], [7, 499, 496], [499, 7, 496], [7, 500, 660], [500, 7, 660], [8, 11, 151], [11, 8, 151], [8, 14, 532], [14, 8, 532], [8, 17, 572], [17, 8, 572], [8, 20, 638], [20, 8, 638], [8, 28, 438], [28, 8, 438], [8, 30, 751], [30, 8, 751], [8, 32, 652], [32, 8, 652], [8, 34, 927], [34, 8, 927], [8, 44, 808], [44, 8, 808], [8, 52, 552], [52, 8, 552], [8, 57, 32], [57, 8, 32], [8, 60, 769], [60, 8, 769], [8, 70, 826], [70, 8, 826], [8, 71, 771], [71, 8, 771], [8, 77, 997], [77, 8, 997], [8, 78, 405], [78, 8, 405], [8, 83, 2], [83, 8, 2], [8, 87, 456], [87, 8, 456], [8, 89, 29], [89, 8, 29], [8, 95, 954], [95, 8, 954], [8, 97, 119], [97, 8, 119], [8, 98, 17], [98, 8, 17], [8, 100, 952], [100, 8, 952], [8, 104, 677], [104, 8, 677], [8, 105, 208], [105, 8, 208], [8, 106, 300], [106, 8, 300], [8, 121, 435], [121, 8, 435], [8, 122, 968], [122, 8, 968], [8, 124, 205], [124, 8, 205], [8, 126, 621], [126, 8, 621], [8, 129, 102], [129, 8, 102], [8, 130, 970], [130, 8, 970], [8, 134, 901], [134, 8, 901], [8, 136, 542], [136, 8, 542], [8, 137, 431], [137, 8, 431], [8, 142, 475], [142, 8, 475], [8, 154, 68], [154, 8, 68], [8, 156, 960], [156, 8, 960], [8, 157, 808], [157, 8, 808], [8, 162, 244], [162, 8, 244], [8, 164, 413], [164, 8, 413], [8, 170, 582], [170, 8, 582], [8, 172, 375], [172, 8, 375], [8, 175, 405], [175, 8, 405], [8, 177, 478], [177, 8, 478], [8, 179, 622], [179, 8, 622], [8, 180, 225], [180, 8, 225], [8, 182, 678], [182, 8, 678], [8, 184, 444], [184, 8, 444], [8, 186, 116], [186, 8, 116], [8, 187, 321], [187, 8, 321], [8, 189, 85], [189, 8, 85], [8, 190, 361], [190, 8, 361], [8, 193, 891], [193, 8, 891], [8, 194, 867], [194, 8, 867], [8, 197, 934], [197, 8, 934], [8, 204, 618], [204, 8, 618], [8, 205, 555], [205, 8, 555], [8, 206, 500], [206, 8, 500], [8, 207, 313], [207, 8, 313], [8, 208, 928], [208, 8, 928], [8, 210, 965], [210, 8, 965], [8, 213, 792], [213, 8, 792], [8, 218, 373], [218, 8, 373], [8, 219, 498], [219, 8, 498], [8, 220, 723], [220, 8, 723], [8, 221, 748], [221, 8, 748], [8, 222, 777], [222, 8, 777], [8, 226, 348], [226, 8, 348], [8, 227, 747], [227, 8, 747], [8, 232, 970], [232, 8, 970], [8, 234, 220], [234, 8, 220], [8, 240, 169], [240, 8, 169], [8, 242, 310], [242, 8, 310], [8, 247, 511], [247, 8, 511], [8, 257, 540], [257, 8, 540], [8, 263, 123], [263, 8, 123], [8, 267, 797], [267, 8, 797], [8, 269, 316], [269, 8, 316], [8, 272, 397], [272, 8, 397], [8, 273, 517], [273, 8, 517], [8, 274, 137], [274, 8, 137], [8, 277, 67], [277, 8, 67], [8, 279, 295], [279, 8, 295], [8, 280, 125], [280, 8, 125], [8, 285, 733], [285, 8, 733], [8, 289, 812], [289, 8, 812], [8, 293, 458], [293, 8, 458], [8, 295, 93], [295, 8, 93], [8, 297, 234], [297, 8, 234], [8, 299, 376], [299, 8, 376], [8, 302, 893], [302, 8, 893], [8, 304, 946], [304, 8, 946], [8, 310, 518], [310, 8, 518], [8, 312, 463], [312, 8, 463], [8, 314, 405], [314, 8, 405], [8, 316, 557], [316, 8, 557], [8, 318, 278], [318, 8, 278], [8, 322, 757], [322, 8, 757], [8, 323, 259], [323, 8, 259], [8, 325, 697], [325, 8, 697], [8, 328, 717], [328, 8, 717], [8, 332, 233], [332, 8, 233], [8, 335, 350], [335, 8, 350], [8, 337, 602], [337, 8, 602], [8, 338, 557], [338, 8, 557], [8, 347, 770], [347, 8, 770], [8, 361, 761], [361, 8, 761], [8, 366, 81], [366, 8, 81], [8, 367, 636], [367, 8, 636], [8, 372, 73], [372, 8, 73], [8, 376, 562], [376, 8, 562], [8, 383, 163], [383, 8, 163], [8, 385, 753], [385, 8, 753], [8, 387, 974], [387, 8, 974], [8, 390, 954], [390, 8, 954], [8, 391, 240], [391, 8, 240], [8, 395, 370], [395, 8, 370], [8, 398, 242], [398, 8, 242], [8, 404, 322], [404, 8, 322], [8, 405, 38], [405, 8, 38], [8, 408, 888], [408, 8, 888], [8, 414, 666], [414, 8, 666], [8, 415, 70], [415, 8, 70], [8, 426, 690], [426, 8, 690], [8, 427, 369], [427, 8, 369], [8, 428, 37], [428, 8, 37], [8, 430, 208], [430, 8, 208], [8, 433, 102], [433, 8, 102], [8, 436, 754], [436, 8, 754], [8, 440, 288], [440, 8, 288], [8, 442, 951], [442, 8, 951], [8, 443, 202], [443, 8, 202], [8, 444, 621], [444, 8, 621], [8, 448, 417], [448, 8, 417], [8, 462, 240], [462, 8, 240], [8, 466, 215], [466, 8, 215], [8, 469, 626], [469, 8, 626], [8, 479, 665], [479, 8, 665], [8, 481, 809], [481, 8, 809], [8, 496, 770], [496, 8, 770], [8, 499, 974], [499, 8, 974], [8, 500, 638], [500, 8, 638], [9, 14, 20], [14, 9, 20], [9, 15, 588], [15, 9, 588], [9, 17, 395], [17, 9, 395], [9, 18, 841], [18, 9, 841], [9, 20, 417], [20, 9, 417], [9, 22, 762], [22, 9, 762], [9, 23, 870], [23, 9, 870], [9, 24, 734], [24, 9, 734], [9, 27, 437], [27, 9, 437], [9, 29, 906], [29, 9, 906], [9, 34, 216], [34, 9, 216], [9, 42, 997], [42, 9, 997], [9, 43, 249], [43, 9, 249], [9, 46, 155], [46, 9, 155], [9, 50, 505], [50, 9, 505], [9, 52, 923], [52, 9, 923], [9, 57, 181], [57, 9, 181], [9, 59, 327], [59, 9, 327], [9, 65, 343], [65, 9, 343], [9, 69, 267], [69, 9, 267], [9, 71, 700], [71, 9, 700], [9, 75, 526], [75, 9, 526], [9, 76, 959], [76, 9, 959], [9, 82, 444], [82, 9, 444], [9, 83, 791], [83, 9, 791], [9, 92, 707], [92, 9, 707], [9, 93, 619], [93, 9, 619], [9, 94, 976], [94, 9, 976], [9, 97, 739], [97, 9, 739], [9, 99, 831], [99, 9, 831], [9, 100, 287], [100, 9, 287], [9, 112, 9], [112, 9, 9], [9, 113, 802], [113, 9, 802], [9, 118, 90], [118, 9, 90], [9, 122, 462], [122, 9, 462], [9, 123, 622], [123, 9, 622], [9, 125, 720], [125, 9, 720], [9, 137, 915], [137, 9, 915], [9, 143, 142], [143, 9, 142], [9, 149, 201], [149, 9, 201], [9, 151, 605], [151, 9, 605], [9, 156, 912], [156, 9, 912], [9, 159, 558], [159, 9, 558], [9, 169, 147], [169, 9, 147], [9, 173, 199], [173, 9, 199], [9, 174, 259], [174, 9, 259], [9, 175, 345], [175, 9, 345], [9, 176, 515], [176, 9, 515], [9, 179, 226], [179, 9, 226], [9, 182, 149], [182, 9, 149], [9, 186, 781], [186, 9, 781], [9, 188, 461], [188, 9, 461], [9, 190, 353], [190, 9, 353], [9, 193, 472], [193, 9, 472], [9, 195, 42], [195, 9, 42], [9, 196, 862], [196, 9, 862], [9, 200, 413], [200, 9, 413], [9, 201, 477], [201, 9, 477], [9, 202, 749], [202, 9, 749], [9, 203, 685], [203, 9, 685], [9, 205, 65], [205, 9, 65], [9, 210, 147], [210, 9, 147], [9, 216, 407], [216, 9, 407], [9, 220, 875], [220, 9, 875], [9, 222, 548], [222, 9, 548], [9, 225, 372], [225, 9, 372], [9, 227, 183], [227, 9, 183], [9, 228, 429], [228, 9, 429], [9, 240, 797], [240, 9, 797], [9, 241, 11], [241, 9, 11], [9, 242, 451], [242, 9, 451], [9, 252, 396], [252, 9, 396], [9, 258, 619], [258, 9, 619], [9, 263, 634], [263, 9, 634], [9, 278, 662], [278, 9, 662], [9, 279, 950], [279, 9, 950], [9, 282, 332], [282, 9, 332], [9, 283, 476], [283, 9, 476], [9, 286, 350], [286, 9, 350], [9, 293, 648], [293, 9, 648], [9, 294, 496], [294, 9, 496], [9, 299, 586], [299, 9, 586], [9, 301, 865], [301, 9, 865], [9, 303, 736], [303, 9, 736], [9, 306, 549], [306, 9, 549], [9, 310, 138], [310, 9, 138], [9, 320, 114], [320, 9, 114], [9, 333, 523], [333, 9, 523], [9, 335, 421], [335, 9, 421], [9, 340, 823], [340, 9, 823], [9, 341, 989], [341, 9, 989], [9, 344, 458], [344, 9, 458], [9, 346, 501], [346, 9, 501], [9, 347, 192], [347, 9, 192], [9, 348, 718], [348, 9, 718], [9, 350, 555], [350, 9, 555], [9, 354, 69], [354, 9, 69], [9, 359, 2], [359, 9, 2], [9, 361, 622], [361, 9, 622], [9, 365, 229], [365, 9, 229], [9, 369, 616], [369, 9, 616], [9, 374, 866], [374, 9, 866], [9, 376, 8], [376, 9, 8], [9, 377, 138], [377, 9, 138], [9, 383, 402], [383, 9, 402], [9, 392, 751], [392, 9, 751], [9, 393, 158], [393, 9, 158], [9, 396, 930], [396, 9, 930], [9, 397, 499], [397, 9, 499], [9, 405, 60], [405, 9, 60], [9, 412, 413], [412, 9, 413], [9, 420, 187], [420, 9, 187], [9, 428, 689], [428, 9, 689], [9, 433, 501], [433, 9, 501], [9, 437, 649], [437, 9, 649], [9, 439, 357], [439, 9, 357], [9, 440, 171], [440, 9, 171], [9, 447, 487], [447, 9, 487], [9, 448, 227], [448, 9, 227], [9, 455, 521], [455, 9, 521], [9, 456, 13], [456, 9, 13], [9, 457, 787], [457, 9, 787], [9, 459, 679], [459, 9, 679], [9, 465, 399], [465, 9, 399], [9, 466, 841], [466, 9, 841], [9, 469, 937], [469, 9, 937], [9, 470, 619], [470, 9, 619], [9, 472, 406], [472, 9, 406], [9, 473, 16], [473, 9, 16], [9, 478, 975], [478, 9, 975], [9, 480, 398], [480, 9, 398], [9, 486, 513], [486, 9, 513], [9, 488, 312], [488, 9, 312], [9, 495, 64], [495, 9, 64], [10, 12, 57], [12, 10, 57], [10, 14, 67], [14, 10, 67], [10, 16, 24], [16, 10, 24], [10, 17, 770], [17, 10, 770], [10, 23, 989], [23, 10, 989], [10, 28, 563], [28, 10, 563], [10, 39, 740], [39, 10, 740], [10, 40, 61], [40, 10, 61], [10, 41, 56], [41, 10, 56], [10, 42, 552], [42, 10, 552], [10, 45, 197], [45, 10, 197], [10, 51, 234], [51, 10, 234], [10, 52, 143], [52, 10, 143], [10, 53, 807], [53, 10, 807], [10, 55, 656], [55, 10, 656], [10, 56, 726], [56, 10, 726], [10, 57, 772], [57, 10, 772], [10, 58, 606], [58, 10, 606], [10, 59, 319], [59, 10, 319], [10, 66, 827], [66, 10, 827], [10, 68, 945], [68, 10, 945], [10, 70, 629], [70, 10, 629], [10, 71, 905], [71, 10, 905], [10, 86, 733], [86, 10, 733], [10, 87, 603], [87, 10, 603], [10, 96, 969], [96, 10, 969], [10, 98, 486], [98, 10, 486], [10